158320
146214
159836
168228
146135
130627
185312
176713
101446
171069
166924
185345
146260
169462
140348
100679
121823
64155
157979
82701
158631
69942
159992
159268
173960
94606
135551
166598
74968
122571
160400
167181
165561
159149
160566
164126
67881
159450
128804
150275
159756
162305
166341
162487
159538
155367
158156
175525
164111
170678
167612
152985
126840
171328
157926
177613
165956
167819
184734
160058
166376
159814
164398
164107
163491
147452
185026
91361
175926
177740
165894
182866
173852
108958
178021
138260
167903
160862
172187
164433
168231
157939
143940
174125
80654
158936
185383
173225
170677
160340
178356
159612
162309
158063
159907
155441
159554
159624
107369
159902
162101
179746
100677
154173
158574
184939
163779
159903
179046
146202
159909
158546
161490
143106
79691
161531
177722
180239
160816
168227
117366
158414
111327
158776
182743
183567
143690
185318
126124
164450
165424
169982
185038
158729
169590
110705
149236
151484
170550
181387
144057
168571
176429
158090
159606
159690
182962
151309
156210
164959
102884
142522
159887
171081
175282
85124
161720
177856
144258
157551
165231
177852
182767
161842
167018
167597
171807
76
164391
180886
131144
154809
169845
75885
162268
105205
159795
168737
67662
159824
85116
161281
164339
159430
175256
158096
166805
152479
174006
161505
59576
136261
157975
169953
159426
120542
165814
151939
161278
165919
79684
164004
178595
160706
178360
108354
119486
174659
40039
132089
175742
177816
164589
177480
158268
159691
122419
141207
157354
164025
175107
185355
161474
176565
161517
163862
170966
117850
151596
114497
159826
163949
184735
185469
167065
70553
96264
164577
177433
124890
160928
162024
164645
3302
67663
131101
163430
183095
154375
163997
164331
179902
132704
151725
75065
149382
164546
122457
161582
164333
178313
156494
164337
127008
159681
164539
159733
163948
165323
167100
173123
178393
180266
120948
125925
131323
27510
137066
150233
165320
174137
129497
162429
167644
171506
106039
108051
114833
124181
173404
62506
114195
132681
142123
151726
157159
163678
166679
171781
177403
178597
179800
82465
109387
151609
162772
163769
165377
182080
134898
148793
152163
165035
175090
179911
27508
153734
158005
159739
163969
176174
176909
179487
184629
82
96260
138502
78
100909
103349
144191
164946
63914
77005
123358
123452
133738
158551
166810
171043
182079
81311
81360
86515
100907
159680
159685
161148
163995
165375
173827
174986
179491
112547
139045
159692
162576
165327
182091
68257
136889
141026
151852
159474
159939
161713
165738
172170
172958
173739
176385
177483
182128
77
134912
137336
142833
159369
163608
165379
176120
181916
183710
184816
100708
120721
122250
139379
149337
161646
162360
165380
168639
171291
177779
184630
83
101675
121623
122251
79731
120973
130930
139381
142650
153697
157012
173083
180086
183712
68175
75702
115859
123456
136719
141344
144400
145017
152182
159682
160649
184686
184704
39033
78198
113295
122264
131100
151957
159839
162412
163038
169891
171397
172966
177864
90441
91321
91371
128536
145016
151353
164335
165687
168629
170019
171251
182093
182312
185019
82461
98720
121222
123454
130888
144124
153833
159104
159635
159689
160675
161994
164255
171734
171975
182533
71328
75256
82466
103180
108293
114963
125864
143365
149129
151850
158576
165012
168076
171535
175892
176143
181652
183193
184106
63133
98581
104498
122249
123560
130134
137340
140857
142094
145319
153285
160886
161077
163749
165325
167185
169787
169828
170916
174235
175824
177851
179729
184687
24396
37733
70624
85224
100979
112632
123440
123457
123563
123908
143244
154807
159668
160715
166674
166807
167626
168381
171015
171091
171774
176113
177846
182081
74
19876
97743
103717
104474
113127
116591
126463
132088
133827
151383
151485
152179
154161
157349
159735
159811
161733
161948
167172
167284
171799
172787
173079
174687
179447
183708
183711
184639
185188
81988
93910
101140
116501
120282
122218
123453
124174
126283
128509
134648
143264
145316
161037
167617
168985
170517
171684
172210
173844
176836
177382
179730
184683
185354
39083
67658
69543
74480
79964
100043
104415
104986
110783
122248
123549
123550
19
31183
67666
81756
86998
94029
106229
113294
120090
120165
127040
130794
131398
134763
135422
136871
139044
146040
146053
147496
147801
147875
149537
153392
154740
154744
156202
156211
156285
159769
159852
161494
161669
166729
167126
170018
170076
173816
174464
174550
175069
175319
177854
177860
179530
180038
182311
182940
183128
184647
184680
184701
184823
185143
185708
26414
37421
67664
70272
73991
75140
76772
77147
82089
83089
91182
113375
115858
119233
123555
126897
127317
127999
129297
130652
131290
133993
135421
137223
141781
147458
149728
151076
151825
152745
157956
159259
159632
159687
160541
161542
161672
161725
161727
161816
161854
162070
162092
162301
163008
164523
165779
167855
168971
170553
171285
173810
174617
174836
174963
174965
175815
176968
177314
177866
179071
179798
184847
185171
185191
185196
27507
63173
63547
67255
67667
67883
77728
85115
86576
92533
99551
100675
103962
108353
112233
113292
116932
117365
119693
120633
123553
123556
123557
123561
124418
129984
129985
131606
135417
136019
141734
142236
145059
148706
152742
153539
156181
157588
159295
159727
159734
159976
161911
162467
164472
165019
166931
171683
171691
171695
172949
173684
174692
177467
177859
177861
177865
180961
182175
182571
182971
184668
184698
184820
185356
61
62
75
79
45977
59812
62712
66653
67882
72129
75800
76040
77004
77780
172482
79318
123558
164582
165100
123551
123547
123546
123545
145642
173762
157591
157589
157587
173770
173776
123559
173582
181725
129374
143719
163920
144734
182085
182084
71450
159283
126876
159157
126772
173447
145394
75387
181727
173779
85114
94964
175014
176833
176690
175073
175162
166385
175317
148710
150214
148726
148739
175964
101390
102028
174975
152644
148559
146000
177855
165488
174824
116899
167569
146440
114309
154689
113384
174097
165940
165942
166950
166812
176047
172213
37730
162294
161707
162998
32636
182964
171338
161900
161918
29754
137165
161943
131610
135626
134955
161714
170811
161852
161655
135435
161653
139382
131703
161705
51955
51934
170126
64420
161715
163582
137257
55001
69
67
123548
161717
161731
67131
170064
162148
129627
162009
45330
22808
184819
185251
160398
134980
160259
111809
167329
113619
114134
112722
166952
148729
102800
148722
148714
136561
106034
106457
138306
170329
148603
147847
137699
167649
129410
141337
126344
126282
171678
145299
171677
173450
145064
127562
169685
129373
169296
169037
129385
159089
171680
173039
168005
141249
133488
121054
120934
127820
173884
173894
173919
117150
132859
132543
129980
130142
167700
171061
123554
123552
129381
171007
169588
68479
157863
163740
158122
165225
158208
181203
78757
74836
157471
84219
86867
177849
183260
85113
85111
85109
112374
159686
185713
74658
160183
156436
145186
145184
145132
144869
144131
142365
141815
141655
141423
141243
141117
140997
140933
140872
140550
140507
145198
145699
156344
156318
154746
154682
153590
152317
152288
151272
149486
148737
148735
148708
148677
147758
147058
146599
140468
140423
127670
127166
126042
125474
124655
124623
123666
120465
120103
119600
115434
114881
114871
113836
113027
112979
154863
127991
140311
140309
139651
139204
137987
137346
137220
134564
132174
131642
131516
129858
129436
129090
129088
129079
112001
157074
185526
173675
173402
173144
173128
172808
172593
172430
171926
171883
171418
171004
170812
170575
170567
169911
169906
174873
175004
185239
185028
184718
184688
183012
182910
181829
181738
178116
177848
177062
176976
176678
176333
175197
175028
169515
168838
161027
160686
159942
159842
159657
159209
159093
159092
159091
159090
159087
158944
158943
158144
158088
158052
161239
161530
168176
167820
167548
167416
166735
166592
166231
165749
164541
163984
163732
163076
162959
162399
162201
161822
157905
85691
81312
66843
71715
66350
39155
40209
65795
42552
81240
91898
100981
68119
100261
34715
99723
37645
98748
67161
81788
45528
52966
90546
90430
62813
88116
61890
60380
58658
91573
51126
82457
95923
45782
58593
94916
83388
50332
63283
32084
69091
25472
23281
70837
76480
77967
73702
70056
107539
70766
74133
31627
99764
74599
72202
164399
159833
159820
159731
159712
159595
159564
159459
158819
158736
158673
158575
158437
158126
156217
156001
155453
155267
160133
160203
163987
163925
163495
163326
163067
162788
162395
162308
161921
161817
161589
161090
160793
160545
160509
160371
160303
155265
154220
147649
147328
146192
145680
145547
145538
145429
145157
144207
143891
143890
143887
143238
142806
142797
142170
141896
147670
147820
154210
154175
154035
153498
153163
152871
152647
151607
151310
151015
150958
150394
148724
148683
148599
148434
148426
141597
185606
178859
178646
178630
177936
177862
177853
177845
177708
177707
177705
177704
176662
176501
176496
176347
176332
176067
179578
179802
185134
184693
184094
183097
183033
182888
182865
182805
182683
182381
181879
180786
180782
180734
180240
179931
179829
176020
175915
169757
169272
168900
168608
166616
166261
166209
166162
166074
165874
165849
165747
165655
165601
165253
165165
164794
170420
170528
175605
175499
174897
174891
174465
174047
173682
173512
173013
172853
171693
171681
171290
171033
171018
170682
170574
164721
101824
84701
84646
83966
83303
83257
83136
82460
81942
81724
81470
81184
80140
79965
79685
79218
78815
78476
85875
86050
100693
99513
98578
98462
97831
97241
96940
94834
94489
93567
92404
92328
91093
90196
90186
86928
86425
78218
74669
49794
49759
48913
47044
46398
45407
45298
44381
38391